%YAML:1.0
---
camera_matrix: !!opencv-matrix
   rows: 3
   cols: 3
   dt: d
   data: [ 6.0901402124388699e+02, 0., 3.4763274882092526e+02, 0.,
       6.0793661078997650e+02, 2.5619334278507142e+02, 0., 0., 1. ]
dist_coeffs: !!opencv-matrix
   rows: 1
   cols: 5
   dt: d
   data: [ -2.8812389265448107e-01, 3.5257555627671153e+00,
       -9.5987923264725830e-04, 6.4216213516807034e-03,
       -2.0638444242509074e+01 ]
